
=====================================================================================================================
  Distance (Meters) Race Time Age-Adjusted Race Time Altitude-Adjusted Race Time Age- and Altitude-Adjusted Race Time
---------------------------------------------------------------------------------------------------------------------
1       1500           260             269                       265                             274                 
2       1609           284             294                       291                             301                 
3       3000           539             558                       550                             569                 
4       5000           913             945                       931                             963                 
5       10000         1956             2024                     1994                             2063                
6       21098         4989             5080                     5078                             5171                
7       42195         9676             9714                     9866                             9905                
---------------------------------------------------------------------------------------------------------------------
